46.9 2.7 1.7
172807 20197 233841
25.6 3.7 0.4
486730 1265788 893115
6.9 2.9 0.1
1339650 593492 1420172
5.5 3.4 1.5
689694 808616 84676
27.4 2.8 1.5
287529 461208 70101
32.0 2.6 2.0
567303 967024 1698112
33.6 3.2 1.4
353516 672964 347190
22.7 3.9 1.3
472525 290582 901191
21.8 3.1 1.2
1124531 771800 1650801
3.4 4.0 0.5
950994 1984207 1920602
11.1 0.3 0.2
1549371 876618 1885345
29.6 1.1 2.0
1001180 1207978 409049
4.2 4.5 0.2
1958370 489041 817945
35.6 3.8 1.6
49152 688198 591441
34.1 3.1 0.1
1249062 386100 903669
8.6 2.6 1.6
605409 1052517 89600
30.9 0.1 0.3
226838 336030 152039
31.0 0.3 1.7
1163250 677620 140170
32.4 0.3 1.9
1800837 103758 909462
7.5 1.3 1.1
1829166 87623 213243